DATE_ID;PARAM_0;PARAM_1;PARAM_2;PARAM_3;PARAM_4;PARAM_5;PARAM_6;PARAM_7;PARAM_8;PARAM_9;PARAM_10;PARAM_11;PARAM_12;PARAM_13;PARAM_14;PARAM_15;PARAM_16;PARAM_17;PARAM_18;PARAM_19;PARAM_20;PARAM_21;PARAM_22;PARAM_23;PARAM_24;PARAM_25;PARAM_26;PARAM_27;PARAM_28;PARAM_29;PARAM_30;PARAM_31;PARAM_32;PARAM_33;PARAM_34;PARAM_35;PARAM_36;PARAM_37;PARAM_38;PARAM_39;PARAM_40;PARAM_41;PARAM_42;PARAM_43;Y_0;Y_1;Y_2;Y_3;Y_4;Y_5
0;0.24005779663100402;0.6370957967116666;0.6356676889315779;;0.3050999087929859;;;;0.5806087984501966;0.21900818627137927;0.8172177058276079;0.5425732293070886;;;0.2655438892318941;0.4682424439337846;0.7480588132684478;0.7999101003517334;0.9795011337868481;0.887637592903763;0.49568772510464565;0.95372306573324;;0.1014852998105173;0.8240259661616354;0.48767435900995765;0.7032468291278625;0.02364340005498446;;;;;;;;0.2853995471409285;0.5;0.5;0.30196588975013383;;0.30454811614055227;;;;0;0;0;0;0;0
1;0.30218221709917825;0.7687163607535848;0.4726857227447072;;0.4688338831938744;;;;0.43174365207810594;0.2823636823792933;0.8172177058276079;0.5425732293070886;;;0.3071798564103329;0.8631309484363294;0.6359917858808395;0.5491404398224278;0.9804988662131529;1.0;0.7575391803757413;0.95372306573324;;0.16914895784519468;0.6483070220058379;0.48767435900995765;0.7032468291278625;0.02364340005498446;;;;;;;;;0.5;0.5;0.3153151995223645;;0.46785978608302276;;;;0;0;0;0;0;0
2;0.488553159216732;0.7102184687857281;0.5865498378208354;;0.3292573817811865;;;;0.535745331244881;0.47243253599381246;0.8172177058276079;0.5425732293070886;;;0.1323093538464982;0.4988059293462275;0.6194823538561258;0.5581622232556082;0.9805895691609978;0.9295619669578427;0.8655115350919852;0.9594054004909723;;0.146227664473014;0.6483070220058379;0.48767435900995765;0.7032468291278625;0.02364340005498446;;;;;;;;;0.5;0.5;0.3287528219629061;;0.32810191090354884;;;;0;0;0;0;0;0
3;0.42642989839203815;0.6444083915075954;0.7517645415817654;;0.3883089782436443;;;;0.6866498247518136;0.4090758572405098;0.908152336136811;0.7130337805903043;;;0.24056258871763492;0.8725239225632477;0.6686377476510649;0.519936532258693;0.7461224489795923;0.6256757991411741;0.9430351406599911;0.9594054004909723;;0.15423483629102913;0.6483070220058379;0.48767435900995765;0.7212719394141708;0.01937985120786013;;;;;;;;1.0;0.5;0.5;0.3421315692912385;;0.5288826045787453;;;;0;0;0;0;0;0
4;0.26076555023923803;0.7102184687857281;0.8455350187097085;;0.2567849703322422;;;;0.7722982932886774;0.2401266849740173;0.908152336136811;0.7130337805903043;;;0.14063645401791794;0.2637697422424769;0.5350556895700458;0.5744489992664376;0.9804988662131529;0.9296334695855636;0.9611213861579018;0.9594054004909723;;0.09311138729854725;0.6483070220058379;0.48767435900995765;0.7411732553018417;0.042403107075355856;;;;;;;;;1.0;1.0;0.35546595297868716;;0.2556149283848783;;;;0;0;0;0;0;0
5;0.3857669997935839;0.6402869184075266;0.8861282582584038;;0.31110267954537696;;;;0.8093755153182857;0.369527012803319;0.9165276631608494;0.7169638678764267;;;0.21997170362107846;0.05006007925165368;0.3219506287514434;0.2821798856247629;0.6046258503401363;0.36004353715554677;0.8737856517083562;1.0;;0.22911106130681938;0.6190617846891692;0.4408407118066781;0.6679002286245077;0.0620154931674777;;;;;;;;;1.0;1.0;0.10812455817752556;;0.5375296640546605;;;;0;0;0;0;0;0
6;0.5544417824184146;0.38715025830355043;0.3882922933295641;;0.4176883677070951;;;;0.35466003039492855;0.5415475151437742;0.9165276631608494;0.7169638678764267;;;0.19453573980015332;0.45534490643166464;0.9008642679518185;0.9623242675990874;0.9804081632653067;0.9204334648187236;0.6366202667185903;0.8454404945904139;;0.1353884395183472;0.6190617846891692;0.4408407118066781;0.7297149098505669;0.05348836989183333;;;;;;;;;1.0;1.0;0.12157296056818558;;0.41672049677124096;;;;0;0;0;0;0;0
7;0.6598638114698029;0.3350337907561071;0.42921035381102074;;0.44228506324080163;;;;0.39203393871954856;0.6490606247679059;0.8462943128544563;0.7169638678764267;;;0.45737170100967894;0.4096632055197052;0.38067010683338814;0.3171658510317104;0.5440362811791378;0.3713806760176227;0.6290859534702711;0.7842985725975187;;0.3702451050304598;0.6190617846891692;0.4408407118066781;;;;;;;;;;0.0;1.0;1.0;0.13493885487906776;;0.7156887322308906;;;;0;0;0;0;0;0
8;0.5966110578963605;0.0;0.33373487935428386;;0.26190928096230726;;;;0.3048281526287685;0.5845532320515823;0.7537267571506275;0.7169638678764267;;;1.0;0.9164944919599721;0.0;0.0;0.0;0.0;0.8951231383237643;0.7917537957996202;;1.0;0.6190617846891692;0.4408407118066781;;;;;;;;;;;0.5;0.5;0.14827406779344682;;0.9009499499365968;;;;0;0;0;0;0;0
9;0.6012960175523636;0.6208465870189778;0.38180937762283995;;0.43423799604429936;;;;0.3487386378741639;0.613222921559862;0.7626463926395465;0.7180232219730995;;;0.0863557173794233;0.3837793892741897;0.7300160799132256;0.548535004817718;1.0;0.9096445127691787;1.0;0.6094190380943645;;0.03771316802836125;0.6868550848381361;0.42713389402436186;;;;;;;;;;;0.0;0.0;0.0;;0.42172187951368517;;;;0;0;0;0;0;0
10;0.6012960175523636;0.6511788272986071;0.7939363758560783;;0.5427974988132027;;;;0.7400173854971335;0.43403440551964256;0.8439414956191909;0.6796513211658956;;;0.0;0.18743295205611304;0.6587490939302983;0.5756192074283679;0.9868480725623586;0.8420427506266412;0.9163827509004192;0.6229202654786617;;0.026772070658707018;0.6868550848381361;0.42713389402436186;;;;;;;;;;0.2963223803803591;0.0;0.0;0.013452133911858462;;0.5380476494426175;;;;0;0;0;0;0;0
11;0.6871954486312762;0.4843515057606441;1.0;;0.4258872662183306;;;;1.0;0.631558655663334;0.8439414956191909;0.6796513211658956;;;0.06908457390353863;0.2221314930499147;0.7779941650069652;0.6129464137700693;0.9802267573696155;0.8084961011206051;0.7066679645673073;0.6506955177743313;;0.026018214787799768;0.5606977194830994;0.42713389402436186;;;;;;;;;;;0.0;0.0;0.026819686676604337;;0.4250342261336636;;;;0;0;0;0;0;0
12;0.6227714551438319;0.6132633222062432;0.6040801660062554;;0.3757828797468633;;;;0.5825594137716342;0.5765526359983064;0.8439414956191909;0.6796513211658956;;;0.1122621994325802;0.1501594837549853;0.5873925621090755;0.6073641676767203;0.9797732426303856;0.7783378816949308;0.4728706317531339;0.6599690880989105;;0.033190032802917595;0.5606977194830994;0.42713389402436186;;;;;;;;;;;1.0;1.0;0.040164021087240986;;0.3751466879932516;;;;0;0;0;0;0;0
13;0.6871954486312762;0.5677649617867991;0.39107065005320646;;0.8128044498945994;;;;0.3800373290285271;0.5569065308043645;0.8439414956191909;0.6796513211658956;;;0.3108805825659238;0.39845962380870237;0.5034527862036975;0.5432892568384838;0.9790476190476195;0.77848485931858;0.18863039034361725;0.6447858896263398;;0.06941586357246185;0.5606977194830994;0.42713389402436186;;;;;;;;;;;1.0;1.0;0.053493014799627536;;0.8130791847099091;;;;0;0;0;0;0;0
14;0.17179886215782111;0.7194265726706004;0.24057491054608882;;0.32567850079105265;;;;0.23792436532200856;0.11388402033203952;0.35620599441644357;0.6796513211658956;;;0.33678753094042085;0.4651758615235869;0.6186956786054728;0.7011266345849428;0.9788662131519283;0.8560175419780035;0.31708361724910483;0.6296481498317965;;0.11694953240561518;0.5606977194830994;0.47071055716052845;;;;;;;;;;0.5791931986095313;0.5;0.5;0.06693727105562688;;0.32551520380386784;;;;0;0;0;0;0;0
15;0.1288491466183648;0.7573416682773106;0.47673748254775855;;0.20041753837021267;;;;0.4561693391272809;0.017092773800147114;0.35620599441644357;0.6796513211658956;;;0.12089800433119262;0.2898704020049795;0.582440499255017;0.6709470701603402;0.9804081632653067;0.8121030114523407;0.5344884649080079;0.6296481498317965;;0.11468796479289335;0.5606977194830994;0.47071055716052845;;;;;;;;;;;0.5;0.5;0.08031228686276375;;0.1992462609862348;;;;0;0;0;0;0;0
16;0.0;0.8331722689763841;0.5485124063967538;;0.0;;;;0.5010025438737135;0.0;0.35620599441644357;0.6796513211658956;;;0.23316067008511296;0.6883915721584376;0.6487676082854272;0.6926222518349157;0.9778684807256236;0.9434096425265851;0.7367273435218483;0.6447858896263398;;0.1750575579144679;0.2663310382831328;0.47071055716052845;0.7779605301544105;0.06308139316995665;;;;;;;;;0.0;0.0;0.09367196197165344;;0.0;;;;0;0;0;0;0;0
17;0.32212228672416976;0.7118433078578659;0.6434406363489606;;0.1503131518987453;;;;0.5877084855021124;0.32851287072976315;1.0;1.0;;;0.19861791681200347;0.48287043564077264;0.5374758233082613;0.42419727399562257;0.9791383219954658;0.9161194729461892;0.8534799961063073;0.6599690880989105;;0.1505266803854852;0.2663310382831328;0.47071055716052845;0.8522005436786211;0.06583801875776278;;;;;;;;0.6494527952885648;0.0;0.0;0.10698561498578989;;0.149799329854168;;;;0;0;0;0;0;0
18;0.5368720240649234;0.742175548137496;0.7383687412738793;;0.350730690268958;;;;0.6744143129325533;0.5475210570011425;1.0;1.0;;;0.1640756298602342;0.2904443574525824;0.7916948151864266;0.6374808341945778;0.9802267573696155;0.90251013946985;0.9360654141925462;0.6810164560414453;;0.1297854566940364;0.2663310382831328;0.47071055716052845;0.871509958247582;0.052240509423815217;;;;;;;;;0.0;0.0;0.1204224081993953;;0.3498055242132228;;;;0;0;0;0;0;0
19;0.3006480087761818;0.8862538942085634;0.8008823926925079;;0.20876826819618138;;;;0.7315132919571292;0.306611460779931;1.0;1.0;;;0.1468044863843495;0.5357187074408817;0.7950683930301026;0.7935565871595801;0.9787755102040822;0.8597714299333848;0.7724325902852196;0.7054277661605678;;0.09205191418267757;0.2663310382831328;0.47071055716052845;0.9030975982060737;0.048691858252771676;;;;;;;;;0.5;0.5;0.1337974240065351;;0.2085229269736688;;;;0;0;0;0;0;0
20;0.4724468709340029;0.742175548137496;0.7429993774890696;;0.27557411431958534;;;;0.6786438627048197;0.4818180097970344;1.0;1.0;;;0.31951638746453626;0.4784662937149017;0.7276577656642919;0.7162312029236039;0.9787755102040822;0.871390606938141;0.5242480288133947;0.718883534866797;;0.1388317271449237;0.2663310382831328;0.47071055716052845;0.8986905422632757;0.05299641407673563;;;;;;;;;0.5;0.5;0.147164976771281;;0.2754055989135136;;;;0;0;0;0;0;0
21;0.3006480087761818;0.6815110675782364;0.6364946195125452;;0.27557411431958534;;;;0.5813641037447337;0.306611460779931;0.7463873720436128;1.0;;;0.1468044863843495;0.6180190521719776;0.5861813656479709;0.6970809513689423;0.9795011337868481;0.8279924842793542;0.4974982965053986;0.6894263114828537;;0.07770827815244184;0.2663310382831328;0.47071055716052845;0.8986905422632757;0.05299641407673563;;;;;;;;0.3388802368474205;0.0;0.0;0.1604860928278084;;0.2749911594945749;;;;0;0;0;0;0;0
22;0.3435977243156381;0.6435955624858732;0.6990082709311739;;0.1503131518987453;;;;0.6384630827693096;0.3504130980342069;0.7463873720436128;1.0;;;0.18998257823473125;0.6215973280298513;0.5663564784223284;0.45675359449310055;0.9794104308390031;0.8652135743766363;0.699737175119239;0.6675152286571482;;0.10374686742323912;0.18222638036066852;0.47071055716052845;0.8986905422632757;0.05299641407673563;;;;;;;;;0.0;0.0;0.17392288604141676;;0.1496484062379234;;;;0;0;0;0;0;0
23;0.6442457330918199;1.0;0.6642784368036447;;0.27557411431958534;;;;0.6067414023783324;0.6570245588141379;0.7463873720436128;1.0;;;0.24179600866238518;0.710707847373653;0.672308031659246;0.5889045988322031;0.9789569160997733;0.9261218960907928;0.7835685778253738;0.6439676334212369;;0.07281840223304335;0.18222638036066852;0.23975412488172423;0.8986905422632757;0.05299641407673563;;;;;;;;;0.0;0.0;0.18729790184855363;;0.2753019507273487;;;;0;0;0;0;0;0
24;0.6442457330918199;0.8559216539289333;0.6063954216001921;;0.2672233844936166;;;;0.5538719731260229;0.6570245588141379;0.717117623303426;0.4813169517609727;;;0.2158895266092283;0.3757189650767433;0.7212859083603773;0.5599893050810646;0.9765079365079364;0.8983153186435173;0.7213861578896081;0.6372397490681021;;0.03659257146349909;0.21026126633482328;0.23975412488172423;0.8986905422632757;0.05299641407673563;;;;;;;;0.7444336072457451;0.0;0.0;0.20065757695744332;;0.2683384587565826;;;;0;0;0;0;0;0
25;0.45097259298601494;0.78767390855694;0.8031977733137473;;0.21711899802214926;;;;0.7336281239422414;0.45991778249259074;0.717117623303426;0.4813169517609727;;;0.12089800433119262;0.4582597699454886;0.7433315734518222;0.6422392371359705;0.9805895691609978;0.8496180567969213;0.6596125766572623;0.6346940630966577;;0.055459342719178475;0.21026126633482328;0.23975412488172423;0.8986905422632757;0.05299641407673563;;;;;;;;;0.0;0.0;0.21400232598154517;;0.21586119811067944;;;;0;0;0;0;0;0
26;0.6012960175523636;0.8104232935094885;0.8031977733137473;;0.3173277709650848;;;;0.7336281239422414;0.613222921559862;0.717117623303426;0.4813169517609727;;;0.18134677333611884;0.515442049464654;0.5122444349452223;0.5714645618350402;0.9770521541950113;0.8089370339915564;0.4575099776112227;0.6237385216838048;;0.0297874941423361;0.21026126633482328;0.23975412488172423;0.8986905422632757;0.05299641407673563;;;;;;;;;0.0;0.0;0.22743082692582922;;0.31820131145620595;;;;0;0;0;0;0;0
27;0.3435977243156381;0.78767390855694;0.6133414384366218;;0.34237996044298924;;;;0.5602163548834016;0.3504130980342069;0.717117623303426;0.4813169517609727;;;0.3108805825659238;0.6847216924386023;0.7073761809713176;0.6808891193502566;0.9789569160997733;0.8196783176226171;0.2008176774068016;0.5976452404764089;;0.03846702389926857;0.21026126633482328;0.23975412488172423;0.8986905422632757;0.05299641407673563;;;;;;;;;0.0;0.0;0.24078303899232498;;0.342183038301429;;;;0;0;0;0;0;0
28;0.3865474398550944;0.7497588129502297;0.6434406363489606;;0.32567850079105265;;;;0.5877084855021124;0.3942147352884827;0.6358400786613528;0.4813169517609727;;;0.2590671521382698;0.4650205643513551;0.8080963540604108;0.8347596637430135;0.9781405895691611;0.842189728250294;0.17603426457704768;0.5378670788253517;;0.08186467268393066;0.21026126633482328;0.026228357857386687;0.8986905422632757;0.05299641407673563;;;;;;;;0.5058706906632365;0.5;0.5;0.25414271410121175;;0.32593444742867356;;;;0;0;0;0;0;0
29;0.45097259298601494;0.7725077884171253;0.6758550898552506;;0.350730690268958;;;;0.6173153339079774;0.45991778249259074;0.6358400786613528;0.4813169517609727;;;0.18134677333611884;0.4796592908859167;0.6838511611247287;0.6529975658055132;0.9795918367346944;0.8104822852239844;0.40083714591648645;0.48736248749887356;;0.08412624029665249;0.0;0.026228357857386687;0.8986905422632757;0.05299641407673563;;;;;;;;;0.0;0.0;0.2665583143474913;;0.35017432367641926;;;;0;0;0;0;0;0
30;0.5583463020129114;0.6208465870189778;0.6295487277034181;;0.41753653639236193;;;;0.5750198361853132;0.5694212843055861;0.6358400786613528;0.4813169517609727;;;0.19861791681200347;0.584713891797232;0.6592839728558358;0.7938271164022442;0.9797732426303856;0.869702350450271;0.6229533729193022;0.4764524047640888;;0.10790326195472787;0.0;0.026228357857386687;0.8986905422632757;0.05299641407673563;;;;;;;;;0.0;0.0;0.28095452312195696;;0.41694287017262227;;;;0;0;0;0;0;0
31;0.5798217396043757;0.6056804668791623;0.6087108022214315;;0.4425887258702672;;;;0.5559868051111352;0.5913226942554184;0.9284673327129365;0.49037151897407993;;;0.10362686085530796;0.19697549811389073;1.0;1.0;0.980045351473923;0.851087833033421;0.7126253285310986;0.44108555323211357;;0.09243902935962998;0.0;0.026228357857386687;0.9206414584900071;0.05116279081665766;;;;;;;;0.5103607458355037;0.0;0.0;0.2942835168343435;;0.441859270601955;;;;0;0;0;0;0;0
32;0.5583463020129114;0.6739282122511556;0.6689090730188209;;0.45093945569623595;;;;0.6109709521505988;0.5694212843055861;0.9284673327129365;0.49037151897407993;;;0.10362686085530796;0.4069007765574267;0.6798861562955517;0.6393132902082689;0.9791383219954658;0.8511633080293493;0.7737175119244576;0.4292662969360899;;0.11356736822803119;0.0;0.026228357857386687;0.9573083484735609;0.03680484892280183;;;;;;;;;0.0;0.0;0.30762785124498015;;0.4507570176287263;;;;0;0;0;0;0;0
33;0.6442457330918199;0.6435955624858732;0.8888646058082994;;0.24217119501571213;;;;0.8118748518281494;0.6570245588141379;0.9284673327129365;0.49037151897407993;;;0.10362686085530796;0.3925876731259317;0.8622599480086457;0.8206620590443009;0.9788662131519283;0.7870890088544119;0.5223985203932651;0.41499227202471756;;0.07960310507120884;0.0;0.026228357857386687;1.0;0.055813948967009;;;;;;;;;0.0;0.0;0.3210646444585885;;0.24191287327337974;;;;0;0;0;0;0;0
34;0.8589943107890932;0.5829310819266138;0.7592066667558516;;0.36743214992089457;;;;0.6934473440067314;0.8760339277309058;0.9284673327129365;0.49037151897407993;;;0.1468044863843495;0.4212138799889217;0.9145831285234715;0.8434607588433406;0.9801360544217692;0.7539117895916025;0.23642558162173144;0.3821256477861591;;0.07884924920030151;0.0;0.026228357857386687;0.845805925226016;0.10465116070849098;;;;;;;;;0.0;0.0;0.3344475379215845;;0.36657588250834083;;;;0;0;0;0;0;0
35;0.794570317301649;0.6284294423460579;0.5786116043090926;;0.46764092286383013;;;;0.5284946744924243;0.8103308805267976;0.6553473917089511;0.49037151897407993;;;0.18134677333611884;0.30372691743700986;0.5550971846185992;0.5847589955238415;0.9795918367346944;0.738467222003744;0.1723741847561478;0.35435039549048947;;0.06299790142825121;0.0;0.026228357857386687;;;;;;;;;;0.5574471930178911;0.0;0.0;0.347783994676362;;0.4672065163021778;;;;0;0;0;0;0;0
36;0.5368720240649234;0.6890943323909703;0.6596478005884544;;0.4258872662183306;;;;0.602511852606066;0.5475210570011425;0.6553473917089511;0.49037151897407993;;;0.1122621994325802;1.0;0.6832894458317508;0.7012903340646589;0.9804988662131529;0.7543566948307576;0.29989292319673505;0.34762251113739506;;0.03846702389926857;0.11213954389662042;0.026228357857386687;;;;;;;;;;;0.0;0.0;0.36112832908700165;;0.42487348967139166;;;;0;0;0;0;0;0
37;0.6227714551438319;0.5980972020664285;0.5600890594483596;;0.43423799604429936;;;;0.5115764754033587;0.6351243315096942;0.6553473917089511;0.49037151897407993;;;0.1468044863843495;0.3568049145471942;0.7036665323935494;0.6616504638208796;0.9798639455782318;0.7934884940354906;0.396145235082262;0.34257659787253386;;0.030561724496240866;0.11213954389662042;0.026228357857386687;;;;;;;;;;;0.0;0.0;0.374572585343001;;0.4336076892643733;;;;0;0;0;0;0;0
38;0.7301451641707284;0.6739282122511556;0.6781704704764899;;0.32567850079105265;;;;0.6194301658930897;0.7446278333226896;0.6390883711130175;0.20580805435068658;;;0.0863557173794233;0.36175939530000617;0.957200991521625;0.9141646313468952;0.9790476190476195;0.7802485908023817;0.44676336026476543;0.32825711428313387;;0.003015423483629079;0.11213954389662042;0.026228357857386687;;;;;;;;;;0.273845528282431;0.0;0.0;0.38794013810774686;;0.3254103801205233;;;;0;0;0;0;0;0
39;0.40802287744655863;0.5601821064597183;0.6642784368036447;;0.33959638633955247;;;;0.6067414023783324;0.4161161452383149;0.6390883711130175;0.20580805435068658;;;0.1640756298602342;0.4888754981854564;0.7377349585583504;0.9326010826515458;0.9815873015873026;0.8197498202503416;0.48947727051494094;0.33330302754795466;;0.03433100385077727;0.11213954389662042;0.026228357857386687;;;;;;;;;;;0.0;0.0;0.40127700947598954;;0.3378723879238821;;;;0;0;0;0;0;0
40;0.5153965864734551;0.7118433078578659;0.6063954216001921;;0.34516353454642684;;;;0.5538719731260229;0.5256196470513103;0.6390883711130175;0.20580805435068658;;;0.13816914780707726;0.4460735936839136;0.49865838700835025;0.5959738174098791;0.9791383219954658;0.7638427101084851;0.34371653849897105;0.3552141103736603;;0.060349218638577035;0.11213954389662042;0.026228357857386687;;;;;;;;;;;0.0;0.0;0.41461346623077006;;0.34486450069556185;;;;0;0;0;0;0;0
41;0.7086708862227404;0.575348226599533;0.5253592253208303;;0.3173277709650848;;;;0.4798547950123813;0.7227276060182458;0.6390883711130175;0.20580805435068658;;;0.3281517260418085;0.30147260364654926;0.5328189604960457;0.5428053808533653;0.9531065759637192;0.7177195428598689;0.14712352769396103;0.3602600236385215;;0.06676718078278761;0.11213954389662042;0.026228357857386687;;;;;;;;;;;0.0;0.0;0.4280656001426285;;0.3320599632355589;;;;0;0;0;0;0;0
42;0.6012960175523636;0.5905143467393477;0.53230524215726;;0.39248434691445744;;;;0.48619917676976004;0.613222921559862;0.5122820571348318;0.20580805435068658;;;0.2590671521382698;0.5344176463389587;0.5121896668484054;0.6318804182267215;0.9795918367346944;0.7777459988321264;0.18364645186410286;0.3568960814619339;;0.10751614677777552;0.11213954389662042;0.026228357857386687;;;;;;;;;;0.5039691609350583;0.0;0.0;0.4414331529073744;;0.3919715280272514;;;;0;0;0;0;0;0
43;0.6012960175523636;0.4616021208080956;0.46516095452344103;;0.3757828797468633;;;;0.42487064797291774;0.613222921559862;0.5122820571348318;0.20580805435068658;;;0.1122621994325802;0.26645344913588215;0.6071073654601166;0.7541332483623938;0.9785941043083909;0.7837045511422573;0.44900223887860924;0.3568960814619339;;0.13318799535461784;0.35043569620559845;0.026228357857386687;;;;;;;;;;;0.5;0.5;0.45477748731801104;;0.3758356315580921;;;;0;0;0;0;0;0
44;0.6657211706832883;0.49951762590045956;0.5160979528904639;;0.4592901855222038;;;;0.47139569546784843;0.67892596876397;0.5122820571348318;0.20580805435068658;;;0.10362686085530796;0.10632560449603207;0.8391605447344447;0.798536639822075;0.979954648526078;0.7817938420348063;0.5743599727440886;0.3628057096099659;;0.07393899879790551;0.35043569620559845;0.026228357857386687;0.5263157904259002;0.002325579075175672;;;;;;;;;0.0;0.0;0.4681064810303976;;0.4586311621542653;;;;0;0;0;0;0;0
45;0.7516206017621967;0.5829310819266138;0.5415665145876266;;0.8308977041139115;;;;0.4946582763142928;0.7665292432725217;0.7138693308517535;0.3955162546826954;;;0.2072537217106159;0.1741804495888918;0.6885039163296831;0.6846273933122691;0.9790476190476195;0.8537374026273257;0.6975761705441484;0.3484862260205659;;0.10338012672928422;0.35043569620559845;0.026228357857386687;0.6003289470410968;0.0;;;;;;;;0.3322693979950887;0.0;0.0;0.4815507372863969;;0.8311925740878816;;;;0;0;0;0;0;0
46;0.944894901511482;0.49951762590045956;0.4396923928262925;;1.0;;;;0.40160806712647334;0.9636372022394575;0.7138693308517535;0.3955162546826954;;;0.19861791681200347;0.1112800852488439;0.6194542852065074;0.5678628036281286;0.9797732426303856;0.8276230540361275;0.6971478633310576;0.34007637057915746;;0.0980827611499358;0.35043569620559845;0.026228357857386687;0.5750979863902861;0.04205837219083329;;;;;;;;;0.0;0.0;0.49492575309353376;;1.0;;;;0;0;0;0;0;0
47;0.8375200328411052;0.37818825529628763;0.6874317429068564;;0.5365344458069831;;;;0.6278892654376226;0.8541325177810734;0.7138693308517535;0.3955162546826954;;;0.2677029570368823;0.3298626443029196;0.6132659010269293;0.5323893510090479;0.979954648526078;0.8374069969293607;0.5059281611992589;0.35771433766707705;;0.10450072329414638;0.35043569620559845;0.026228357857386687;0.5935602200340142;0.028398930298602198;;;;;;;;;0.0;0.0;0.5082854282024235;;0.5359523001643293;;;;0;0;0;0;0;0
48;0.8160445952496369;0.4388527358555471;0.6411252557277214;;0.6012526075949812;;;;0.5855936535170002;0.8322322904766297;0.7138693308517535;0.3955162546826954;;;0.24179600866238518;0.47754309854357024;0.6572459150530389;0.6369519742634959;0.979319727891157;0.7723793293847998;0.19287452545507983;0.34007637057915746;;0.03131558036714819;0.35043569620559845;0.026228357857386687;0.6121162250597839;0.02506460005828983;;;;;;;;;0.0;0.0;0.52159908121656;;0.6011245725981689;;;;0;0;0;0;0;0
49;0.32212228672416976;0.43126988052846627;0.7267920882222735;;0.5031315265031099;;;;0.6638403814029082;0.32851287072976315;0.739890787140268;0.3955162546826954;;;0.22452486518650056;0.5164697302910354;0.6062084156109888;0.6615110192753649;0.9789569160997733;0.7785563619463045;0.13065316849995479;0.29289026275115865;;0.04074896599498784;0.35043569620559845;0.026228357857386687;0.6121162250597839;0.02506460005828983;;;;;;;;0.4103105167483443;0.5;0.5;0.5350358744301653;;0.5031156552765589;;;;0;0;0;0;0;0
50;0.6227714551438319;0.491934361087725;0.6990082709311739;;0.6576200395570108;;;;0.6384630827693096;0.6351243315096942;0.739890787140268;0.3955162546826954;;;0.3108805825659238;0.38928492450911434;0.6112514619658845;0.6112509284692135;0.9590929705215425;0.7700952176659182;0.12710989973716744;0.21379216292390818;;0.0456388419143864;0.9531868800639466;0.026228357857386687;0.6121162250597839;0.02506460005828983;;;;;;;;;0.5;0.5;0.5484108902373052;;0.6701506869835507;;;;0;0;0;0;0;0
51;0.6442457330918199;0.49951762590045956;0.3517101797105011;;0.807933191455756;;;;0.32124650725545306;0.6570245588141379;0.739890787140268;0.3955162546826954;;;0.1468044863843495;0.38185284555231036;0.48394048789063676;0.5759302279093709;0.9785941043083909;0.7808365012969789;0.23930692105518556;0.16496954268570374;;0.0;0.9531868800639466;0.026228357857386687;0.6121162250597839;0.02506460005828983;;;;;;;;;0.0;0.0;0.561778443002051;;0.8084931613407192;;;;0;0;0;0;0;0
52;0.6012960175523636;0.4843515057606441;0.3331876348497681;;0.7849686863132573;;;;0.30432830816638734;0.613222921559862;0.8081751619756591;0.486059598563003;;;0.3022452439886516;0.41405732827317404;0.5668536358211832;0.5586835479492182;0.9752380952380956;0.8173981782719428;0.26000194685096606;0.1514683153014065;;0.04790040952710823;0.9531868800639466;0.026228357857386687;0.6024000950776319;0.0279069744835045;;;;;;;;0.555662598730719;0.0;0.0;0.5750995590585785;;0.7876437256125863;;;;0;0;0;0;0;0
53;0.7155591684892392;0.5234111137682183;0.15569437475908499;;0.806633313380766;;;;0.14220877579332175;0.7099171911698965;0.6957140097975475;0.47882805169647974;;;0.3348322455610871;0.16881446711242434;0.6064243388326892;0.5154304602505987;0.8464399092970523;0.6140129260861447;0.3640221941010373;0.1552413855805253;;0.15050630590248767;1.0;0.0;0.6004530769759197;0.025493625640682693;;;;;;;;;0.0;0.0;0.33124423428148636;;0.8933708040947577;;;;0;0;0;0;0;0
54;1.0;0.5929466915197162;0.3043117040683849;;0.7506203949874893;;;;0.2779534903692294;1.0;0.6957140097975475;0.47882805169647974;;;0.13246650413813557;0.21526406602348344;0.4920324057352055;0.4560540116722819;0.9807709750566903;0.79344082561701;0.32520198578798676;0.19297208837167296;;0.1397282043968134;1.0;0.0;0.60011171513213;0.028872314020633078;;;;;;;;;0.0;0.0;0.3446134455000959;;0.7497344526315266;;;;0;0;0;0;0;0
55;0.6936790153235312;0.4770544714195399;0.4411340826553078;;0.8775357490520729;;;;0.4029248837807381;0.6876030379794741;0.6957140097975475;0.47882805169647974;;;0.11486940204547194;0.10095819070922141;0.610827009215554;0.5607127731829258;0.9831292517006809;0.7403779311111915;0.09950355300300702;0.20583689426309898;;0.08437073409262237;1.0;0.0;0.60011171513213;0.028872314020633078;;;;;;;;;0.0;0.0;0.3579751936763145;;0.875230736041648;;;;0;0;0;0;0;0
56;0.49675763683213436;0.53113728907394;0.29487564346863837;;0.6896443091786412;;;;0.2693347420793438;0.48677684191106035;0.5698207293733398;0.47882805169647974;;;0.3788250007927462;0.20402827982975985;0.5057635206685213;0.5145458802411345;0.9779591836734698;0.8067085354275665;0.18641098023946173;0.19038094372216055;;0.1397282043968134;1.0;0.0;0.60011171513213;0.028872314020633078;;;;;;;;0.7021760622521765;0.0;0.0;0.37132118654081775;;0.6904626138488185;;;;0;0;0;0;0;0
57;0.7374393216549513;0.5465896396853842;0.6817526277300904;;0.5960530952950214;;;;0.622702051589156;0.7099171911698965;0.5698207293733398;0.47882805169647974;;;0.2468472014191091;0.3690404710156076;0.612017256879626;0.6910841250403562;0.9788662131519283;0.8638947481319966;0.515993380706712;0.17410673697607895;;0.1651148102116909;0.842898061015636;0.0;0.60011171513213;0.028872314020633078;;;;;;;;;0.0;0.0;0.38475300439282917;;0.5961975017209534;;;;0;0;0;0;0;0
58;0.7155591684892392;0.623850983256951;0.37979981378433597;;0.4173789781465421;;;;0.3469031340944399;0.6876030379794741;0.5698207293733398;0.47882805169647974;;;0.23804865037277728;0.34010653242884054;0.6567555352061648;0.6035577637940199;0.9792290249433108;0.8875819797488677;0.6620461403679545;0.16551504682243892;;0.11089831095535951;0.842898061015636;0.0;0.60011171513213;0.028872314020633078;;;;;;;;;0.0;0.0;0.39809858264386727;;0.4171061109549743;;;;0;0;0;0;0;0
59;0.6499187089921069;0.6547556844798388;0.6935475784524533;;0.37483751524062603;;;;0.6334753727535549;0.6206617610535952;0.460502519621442;0.22667383767901295;;;0.15006313990945908;0.34607008697357305;0.6273486956019301;0.604347883203933;0.9795918367346944;0.8404379138711142;0.6548038547649253;0.19383580325484376;;0.08669342515433667;0.842898061015636;;0.6110197349227948;0.05465117222011902;;;;;;;;0.6755865375415918;0.0;0.0;0.4114603308200858;;0.3743063097264366;;;;0;0;0;0;0;0
60;0.49675763683213436;0.5543158149911059;0.8421650327890415;;0.40887068255909603;;;;0.7692202015274205;0.4644626887206379;0.460502519621442;0.22667383767901295;;;0.05327954472114916;0.21924024615675283;0.5062351424422354;0.4054839809097459;0.9779591836734698;0.8069349604153514;0.5700963691229377;0.2350213655786746;;0.056702186182025646;0.842898061015636;;0.6369928699193727;0.0801356653026411;;;;;;;;;0.0;0.0;0.4241097730613183;;0.409336074592758;;;;0;0;0;0;0;0
61;0.5405179431635545;0.6161248079512286;0.8421650327890415;;0.34931264350960295;;;;0.7692202015274205;0.5090909951014828;0.460502519621442;0.22667383767901295;;;0.12366795309180376;0.3656454028816571;0.5846805144148263;0.6164013628031446;0.9790476190476195;0.8240240884408064;0.4224666601771673;0.2487044276752438;;0.09091094313481797;0.842898061015636;;0.7713815893324749;0.02093023725797712;;;;;;;;;0.5;0.5;0.43826923754656594;;0.34907088958406723;;;;0;0;0;0;0;0
62;0.6499187089921069;0.5543158149911059;0.714778714801851;;0.36632922716883753;;;;0.6528675564057975;0.6206617610535952;0.460502519621442;0.22667383767901295;;;0.22045154828011365;0.32715603644402397;0.5433390219129894;0.5747945965352351;0.9784126984126984;0.7663850257608101;0.140290080794317;0.21611055550505298;;0.04362176809763453;0.842898061015636;;0.7749451732316373;0.12170543284117544;;;;;;;;;0.0;0.0;0.45159947509935094;;0.3664766807680332;;;;0;0;0;0;0;0
63;0.5623980963292666;0.45387594550237387;0.6274955293362203;;0.34931264350960295;;;;0.57314447731823;0.5314051482919053;0.0;0.22667383767901295;;;0.21165299723378184;0.5876702633110074;0.5872975394610984;0.5337952272772639;0.9797732426303856;0.756342878934137;0.05686751679158471;0.18010728248020655;;0.03671481836148404;0.842898061015636;0.1687158220808043;0.6151315819825571;0.2133720911938885;;;;;;;;0.7178082046157608;0.0;0.0;0.4649454679638542;;0.3486494482906196;;;;0;0;0;0;0;0
64;0.47487864330990265;0.577494340908272;0.5166221923712588;;0.36065703261575904;;;;0.4718745275059486;0.44214853553021544;0.0;0.22667383767901295;;;0.1412650551844674;0.24644301488348064;0.7113166770771692;0.7099586722081276;0.9791383219954658;0.7274121212843483;0.13731139881242135;0.15092281116467132;;0.01786842158880217;0.7429248567864456;0.1687158220808043;0.6151315819825571;0.2133720911938885;;;;;;;;;0.0;0.0;0.4783851634717248;;0.36037508377333954;;;;0;0;0;0;0;0
65;0.38735803064705826;0.4075193031536948;0.0;;0.4315594607714091;;;;0.0;0.3528931054139141;0.0;0.22667383767901295;;;0.2732423882367644;0.3277579024433182;0.6687723402489922;0.6579235353673621;0.7433106575963718;0.506981437123372;0.1571692786917085;0.1209200836439525;;0.09437460524439194;0.7429248567864456;0.1687158220808043;0.6151315819825571;0.2133720911938885;;;;;;;;;0.0;0.0;0.4917622523461935;;0.5753132099459942;;;;0;0;0;0;0;0
66;0.36547787748135024;0.6779342103970049;0.3680048630619731;;0.28975459694445227;;;;0.336129812930041;0.3305789522234916;0.3677418222042748;0.3004747303303561;;;0.07087664681381282;0.3197210948665339;0.7736376367456688;0.5368444108812014;0.979954648526078;0.8791843933597911;0.19320549011972915;0.10032730248205728;;0.061306819339459216;0.7429248567864456;0.1687158220808043;0.6151315819825571;0.2133720911938885;;;;;;;;0.22667270833111863;0.0;0.0;0.5051003675548377;;0.2889267807849549;;;;0;0;0;0;0;0
67;0.4092381838127704;0.6779342103970049;0.4741600446997659;;0.28975459694445227;;;;0.4330902743994215;0.375206075958948;0.3677418222042748;0.3004747303303561;;;0.290839490329428;0.1277952596432744;0.6341728689254308;0.5263568389331901;0.980045351473923;0.8112807312335406;0.36038158278984306;0.09432675697788928;;0.1132006275340763;0.7429248567864456;0.1687158220808043;0.5186403594669755;0.2751938052911484;;;;;;;;;0.0;0.0;0.5184463604193409;;0.28887485447472694;;;;0;0;0;0;0;0
68;0.49675763683213436;0.5543158149911059;0.462365093977403;;0.34080434792215686;;;;0.4223169532350226;0.4644626887206379;0.3677418222042748;0.3004747303303561;;;0.07087664681381282;0.09201250106453707;0.7444510333507588;0.6498025966826415;0.9805895691609978;0.7463722347351848;0.22789837437944696;0.10464587689791127;;0.12589393044151506;0.7429248567864456;0.1687158220808043;0.38898026507720523;0.46279069642509457;;;;;;;;;0.0;0.0;0.5318939335830706;;0.33965939918090304;;;;0;0;0;0;0;0
69;0.4529984901441905;0.5388634643796625;0.47651905984969894;;0.35782093158139144;;;;0.43524496147189295;0.419834382339793;0.3677418222042748;0.3004747303303561;;;0.11486940204547194;0.26645344913588215;0.686124379443233;0.7166451575919565;0.9787755102040822;0.7429281914999277;0.10980239462668515;0.1166469679061665;;0.2204722805158819;0.7429248567864456;0.1687158220808043;0.0;1.0;;;;;;;;;0.0;0.0;0.545255267145821;;0.3577470298380533;;;;0;0;0;0;0;0
70;0.5405179431635545;0.53113728907394;0.5378532036933541;;0.3833458108280721;;;;0.491266596960233;0.5090909951014828;0.556564184503011;0.3004747303303561;;;0.1412650551844674;0.2426765217154827;0.49102179742869273;0.6728753232119266;0.977414965986395;0.8095567234318084;0.19049936727343517;0.1200563687607817;;0.20201299892015234;0.7429248567864456;0.1687158220808043;0.0;1.0;;;;;;;;0.7041413749481763;0.0;0.0;0.5585933823544652;;0.3840977412617243;;;;0;0;0;0;0;0
71;0.5623980963292666;0.3070794336649627;0.521340222671125;;0.4967896943739798;;;;0.47618390165089136;0.5314051482919053;0.556564184503011;0.3004747303303561;;;0.15006313990945908;0.4927793971463967;0.20387437732096927;0.32599669439084306;0.979954648526078;0.8547503565200483;0.3719264090333825;0.1251931993817789;;0.1758725372343677;0.714360867880197;0.1687158220808043;0.0;1.0;;;;;;;;;0.0;0.0;0.5719314975631093;;0.49616795585486745;;;;0;0;0;0;0;0
72;0.5842782494949788;0.4847806467252616;0.3750819085117723;;0.5081340834801368;;;;0.3425938741474551;0.5537193014823278;0.556564184503011;0.3004747303303561;;;0.11486940204547194;0.8837060346191032;0.6422958676649432;0.8591810840403045;0.9802267573696155;0.8374387758750157;0.45634186703008;0.1286480589144621;;0.15433670870601654;0.714360867880197;0.1687158220808043;0.0;1.0;;;;;;;;;0.0;0.0;0.58538653376923;;0.5073599667262744;;;;0;0;0;0;0;0
73;0.5405179431635545;0.39206695254225127;0.5685202756151958;;0.4684287216085891;;;;0.5192774147044031;0.5090909951014828;0.6990325355995283;0.0;;;0.11486940204547194;0.5884982763445193;0.6970378811756849;0.6800970095002569;0.9804988662131529;0.8146532718410768;0.45560206366202816;0.1295117737976329;;0.1105111957784071;0.714360867880197;0.1687158220808043;0.0;1.0;;;;;;;;0.2482605853150347;0.0;0.0;0.5987482819454485;;0.46745423955579646;;;;0;0;0;0;0;0
74;0.5405179431635545;0.4152450689737636;0.7572407374460414;;0.4514121379493537;;;;0.6916516953143664;0.5090909951014828;0.6990325355995283;0.0;;;0.03568244262848552;0.17380186800312877;0.5605316174853722;0.5187684567111412;0.9808616780045353;0.7765026475834115;0.4625328531100964;0.1286480589144621;;0.05093620749373482;0.714360867880197;0.1687158220808043;;;;;;;;;;;0.0;0.0;0.6120942748099518;;0.4502064760797313;;;;0;0;0;0;0;0
75;0.49675763683213436;0.5543158149911059;0.8185748812897107;;0.34364044895652446;;;;0.7476733308027066;0.4644626887206379;0.6990325355995283;0.0;;;0.0972722999528083;0.06645359226691647;0.7080213491518204;0.7406045683102261;0.9798639455782318;0.7569427065333559;0.286303903436183;0.13892172015637572;;0.023634400277092925;0.714360867880197;0.1687158220808043;;;;;;;;;;;0.5;0.5;0.6254240977492717;;0.34291884842776493;;;;0;0;0;0;0;0
76;0.5186377899978465;0.4847806467252616;0.7595997525959745;;0.5350770094861733;;;;0.6938063823868378;0.48677684191106035;0.6990325355995283;0.0;;;0.2556457524654409;0.23961638020182896;0.7773140821647421;0.785182066407792;0.9795918367346944;0.7446482269334526;0.0;0.1200563687607817;;0.038242904586296124;0.714360867880197;0.1687158220808043;;;;;;;;;;;0.5;0.5;0.6388716709130013;;0.5347129172676398;;;;0;0;0;0;0;0
77;0.5405179431635545;0.5002329973367059;0.7218557602516502;;0.40036239448730754;;;;0.6593316176232116;0.5090909951014828;0.6493248819201782;0.0;;;0.22045154828011365;0.41405732827317404;0.6926654017061906;0.6266242346544605;0.9795918367346944;0.7702819189716335;0.02803465394723398;0.07205200472772044;;0.04631119985330374;0.714360867880197;0.1687158220808043;;;;;;;;;;0.6100335923630527;0.5;0.5;0.652241296745076;;0.3998578363931776;;;;0;0;0;0;0;0
78;0.49675763683213436;0.44614977019665136;0.7383687412738793;;0.40887068255909603;;;;0.6744143129325533;0.4644626887206379;0.6493248819201782;0.0;;;0.1676602420021227;0.41405732827317404;0.6106059514847768;0.5618519873492178;0.9787755102040822;0.7693086887609802;0.2483208410396258;0.02659332666606322;;0.031335954850145634;0.6429516525572552;0.1687158220808043;;;;;;;;;;;0.5;0.5;0.6656026303078294;;0.4088554495717075;;;;0;0;0;0;0;0
79;0.5186377899978465;0.4075193031536948;0.6959065936023863;;0.35782093158139144;;;;0.6356300598260262;0.48677684191106035;0.6493248819201782;0.0;;;0.0972722999528083;0.2760382188487827;0.5995933194970864;0.5550039351000516;0.979954648526078;0.7591910669383789;0.347610240436096;0.0025456859714444065;;0.026710947209714547;0.6429516525572552;0.1687158220808043;0.7116228044981388;0.0279069744835045;;;;;;;;;0.5;0.5;0.6789171125488992;;0.35706084613615835;;;;0;0;0;0;0;0
80;0.4529984901441905;0.4693282961138174;0.618059468736488;;0.32378776426292144;;;;0.5645257290283444;0.419834382339793;0.7685986690780109;0.13398384659621485;;;0.11486940204547194;0.2709262939582244;0.36389991020770523;0.4030107453623741;0.9796825396825406;0.7798751881909441;0.43362211622700975;0.0;;0.06862125873555958;0.6429516525572552;0.1687158220808043;0.5278175075385731;0.2459049494090811;;;;;;;;0.2396525422827924;0.0;0.0;0.6923568080567697;;0.323150921214141;;;;0;0;0;0;0;0
81;0.49675763683213436;0.5543158149911059;0.5331352984207904;;0.3833458108280721;;;;0.48695733701324834;0.4644626887206379;0.7685986690780109;0.13398384659621485;;;0.18525734409478634;0.14270450383269123;0.3951306643561833;0.4358772048602451;0.9796825396825406;0.8491294555074927;0.5620558746227917;0.0;;0.13589780159328455;0.6429516525572552;0.1687158220808043;0.48486842344507436;0.22378737726462186;;;;;;;;;0.0;0.0;0.7057264338888474;;0.3827704005107994;;;;0;0;0;0;0;0
82;0.5623980963292666;0.4770544714195399;0.5755973210649951;;0.4599204335368006;;;;0.5257414759218174;0.5314051482919053;0.7685986690780109;0.13398384659621485;;;0.2468472014191091;0.3644230638486074;0.5259446059038366;0.7240898016048748;0.9797732426303856;0.8826324089632521;0.4923975469677717;0.014546776979740004;;0.20777897760844324;0.6429516525572552;0.1687158220808043;0.5452302724271231;0.1715116166779339;;;;;;;;;0.0;0.0;0.7190956451074569;;0.45936998768641135;;;;0;0;0;0;0;0
83;0.7155591684892392;0.43842359489092964;0.21231048830288812;;0.35782093158139144;;;;0.19392103713671918;0.6876030379794741;0.7685986690780109;0.13398384659621485;;;0.22045154828011365;0.700319396903074;0.5576508840529267;0.679706598894646;0.9804988662131529;0.830467269672162;0.2971283948213762;0.05659605418674165;;0.1643405798577861;0.6429516525572552;0.1687158220808043;0.594649961815707;0.1572619608308415;;;;;;;;;0.0;0.0;0.7324180050043858;;0.356744228526056;;;;0;0;0;0;0;0
84;0.671798862157819;0.5388634643796625;0.13682225355962033;;0.4684287216085891;;;;0.1249712792135506;0.6429759142440177;0.2484680350464421;0.13398384659621485;;;0.19405589514111818;0.4813289144012007;0.5253260002502902;0.5602501664718783;0.9788662131519283;0.8002613818280071;0.21528278010318908;0.08746249659059087;;0.15780037081559053;0.6429516525572552;0.1687158220808043;0.594649961815707;0.1572619608308415;;;;;;;;0.736638797053227;0.0;0.0;0.7458577005122564;;0.46842790898115083;;;;0;0;0;0;0;0
85;0.6936790153235312;0.5156849384624964;0.6298544194588509;;0.497498721511487;;;;0.5752990501927434;0.6429759142440177;0.2484680350464421;0.13398384659621485;;;0.1412650551844674;0.6268702753340141;0.506227543368802;0.4828615431108566;0.979319727891157;0.833315457676404;0.34186703007884145;0.08832621147376167;;0.15818748599254295;0.8571800554687596;0.1687158220808043;0.6489262778729915;0.08051777460585502;;;;;;;;;0.0;0.0;0.759226911730866;;0.49725876612967373;;;;0;0;0;0;0;0
86;0.7374393216549513;0.43069741958520785;0.4151849160060297;;0.46346555419301694;;;;0.37922332598355274;0.6876030379794741;0.2484680350464421;0.13398384659621485;;;0.11486940204547194;0.34696465593804143;0.9024214618645634;0.7576497019941538;0.9779591836734698;0.8575985445242903;0.5512897887666635;0.10119101736522808;;0.13703877264114422;0.8571800554687596;0.1687158220808043;0.6489262778729915;0.08051777460585502;;;;;;;;;0.0;0.0;0.7725886599070845;;0.4639995555598483;;;;0;0;0;0;0;0
87;0.6061584026606868;0.4770544714195399;0.4576470636775368;;0.5095521302394918;;;;0.4180075790900798;0.5314051482919053;0.29153863712183825;0.020206888362703936;;;0.15006313990945908;0.49635767300427036;0.615969117365567;0.7466011671599452;0.9790476190476195;0.8479298003090513;0.6118952594179012;0.1175106827893373;;0.1289704773741366;0.8571800554687596;0.1687158220808043;0.6489262778729915;0.08051777460585502;;;;;;;;0.2823658697339187;0.0;0.0;0.7859346527715878;;0.5094888943370629;;;;0;0;0;0;0;0
88;0.5405179431635545;0.4847806467252616;0.424620976605762;;0.4429038498775652;;;;0.3878420742734383;0.4644626887206379;0.29153863712183825;0.020206888362703936;;;0.11486940204547194;0.48115000060830676;0.6978283901931152;0.5567337128401186;0.9797732426303856;0.8378121784864498;0.5864499172588314;0.1200563687607817;;0.11244677166316903;0.8571800554687596;0.1687158220808043;0.6489262778729915;0.08051777460585502;;;;;;;;;0.0;0.0;0.7993664706235992;;0.4423360624800256;;;;0;0;0;0;0;0
